version https://git-lfs.github.com/spec/v1
oid sha256:9c835655d510ce6e6f262b0a2c02f28937309f31addc709d829e88661a5eea48
size 8199
