version https://git-lfs.github.com/spec/v1
oid sha256:6a145bc429819adfa26856af74f00dc37a8ae417d23926686326db73e5c78b4d
size 6035
