version https://git-lfs.github.com/spec/v1
oid sha256:da3d0b1959a2ba28176aaeb4475f84bf0f9320ca381ee621a7a8620e72d75ffb
size 3294
