version https://git-lfs.github.com/spec/v1
oid sha256:b0f8f87e4c8060c0281db1763fa2ff5bb5618e5b413239d448580a8102fca436
size 617
